Actividad #1

1).

“Empezamos el técnico en la Universidad Galileo.”

01000101 01101101 01110000 01100101 01111010 01100001 01101101
01101101 01101111 01110011 01100101 01101100 01110100 00101100
01100101 01100011 01101110 01101001 01100011 01101111 01100101
01101110 01101100 01100001 01010101 01101110 01101001 01110110 
01100101 01110010 01110011 01101001 01100100 01100001 01100100
01000111 01100001 01101100 01101001 01101100 01100101 01101111 
00101110

2).
"Allan"
01000001 01101100 01101100 01100001 01101110

